1 傅一零 123 13.12
1 李一零 124 11.11
1 黄一零 125 12.22
1 王一零 126 14.22
1 傅二零 127 12.76
1 李二零 128 11.37
1 黄二零 129 12.30
1 王二零 130 14.24

2 陈一零 131 24.22
2 张一零 132 26.21
2 刘一零 133 23.52
2 梁二零 134 27.28
2 张二零 135 26.79
2 刘二零 136 23.25
2 马三零 137 24.46
2 张三零 138 26.17
2 刘三零 139 23.83

3 王一一 140 24.22
3 张一一 141 26.21
3 刘一一 142 23.52
3 王二一 143 24.79
3 张二一 144 26.16
3 刘二一 145 23.28
3 王三一 146 24.90
3 张三一 147 26.91
3 刘三一 148 23.30

11 梁一二 149 1.51
11 蓝一二 150 1.34
11 林一二 151 1.45
11 张二二 152 1.48
11 罗二二 153 1.49
11 王二二 154 1.71
11 王三二 155 1.75
11 张三二 156 1.52
11 刘三二 157 1.77


